05/10/2024, 02:09:56	3	0	0	1	0
05/10/2024, 02:09:57	3	0	0	2	0
05/10/2024, 02:09:57	3	0	0	3	0
05/10/2024, 02:09:58	3	0	0	4	0
05/10/2024, 02:09:58	3	0	0	5	0
05/10/2024, 02:09:58	3	0	0	6	0
05/10/2024, 02:09:58	3	0	0	7	0
05/10/2024, 02:09:58	3	0	0	8	0
05/10/2024, 02:09:58	3	0	0	9	0
05/10/2024, 02:10:34	1	1	0	9	0
05/10/2024, 02:10:34	1	2	0	9	0
05/10/2024, 02:10:35	1	3	0	9	0
05/10/2024, 02:10:35	1	4	0	9	0
05/10/2024, 02:10:35	1	5	0	9	0
05/10/2024, 02:16:23	4	5	0	9	1
05/10/2024, 02:16:24	4	5	0	9	2
05/10/2024, 02:16:24	4	5	0	9	3
05/10/2024, 02:16:24	4	5	0	9	4
05/10/2024, 02:16:24	4	5	0	9	5
05/10/2024, 02:16:24	4	5	0	9	6
05/10/2024, 02:16:24	3	5	0	10	6
05/10/2024, 02:16:25	3	5	0	11	6
05/10/2024, 02:16:25	3	5	0	12	6
05/10/2024, 02:32:51	4	5	0	12	7
05/10/2024, 02:32:51	4	5	0	12	8
05/10/2024, 02:32:52	4	5	0	12	9
05/10/2024, 02:32:52	4	5	0	12	10
05/10/2024, 02:32:52	3	5	0	13	10
05/10/2024, 02:32:52	3	5	0	14	10
05/10/2024, 02:32:52	3	5	0	15	10
05/10/2024, 02:33:38	4	5	0	15	11
05/10/2024, 02:33:38	4	5	0	15	12
05/10/2024, 02:33:38	4	5	0	15	13
05/10/2024, 02:33:38	4	5	0	15	14
05/10/2024, 02:33:38	4	5	0	15	15
05/10/2024, 02:33:38	4	5	0	15	16
05/10/2024, 02:33:39	4	5	0	15	17
05/10/2024, 02:33:40	4	5	0	15	18
05/10/2024, 02:33:40	4	5	0	15	19
05/10/2024, 02:33:41	4	5	0	15	20
05/10/2024, 02:33:41	4	5	0	15	21
05/10/2024, 02:33:41	3	5	0	16	21
05/10/2024, 02:33:41	3	5	0	17	21
05/10/2024, 02:33:41	4	5	0	17	22
05/10/2024, 02:33:42	4	5	0	17	23
05/10/2024, 02:33:42	3	5	0	18	23
05/10/2024, 02:33:42	3	5	0	19	23
05/10/2024, 02:33:42	2	5	1	19	23
05/10/2024, 02:33:43	1	6	1	19	23
05/10/2024, 02:33:43	2	6	2	19	23
05/10/2024, 02:33:43	3	6	2	20	23
05/10/2024, 02:33:43	2	6	3	20	23
05/10/2024, 02:33:44	1	7	3	20	23
05/10/2024, 02:33:45	2	7	4	20	23
05/10/2024, 02:33:45	1	8	4	20	23
05/10/2024, 02:33:45	2	8	5	20	23
05/10/2024, 02:33:45	3	8	5	21	23
05/10/2024, 02:35:53	2	8	6	21	23
05/10/2024, 02:35:54	2	8	7	21	23
05/10/2024, 02:35:54	2	8	8	21	23
05/10/2024, 02:35:54	2	8	9	21	23
05/10/2024, 02:38:32	4	8	9	21	24
05/10/2024, 02:38:32	4	8	9	21	25
05/10/2024, 02:38:32	4	8	9	21	26
05/10/2024, 02:38:33	4	8	9	21	27
05/10/2024, 02:38:33	3	8	9	22	27
05/10/2024, 02:38:33	3	8	9	23	27
05/10/2024, 02:38:33	3	8	9	24	27
05/10/2024, 02:38:34	3	8	9	25	27
05/10/2024, 02:38:34	3	8	9	26	27
05/10/2024, 02:38:34	3	8	9	27	27
05/10/2024, 02:39:04	3	8	9	28	27
05/10/2024, 02:39:05	3	8	9	29	27
05/10/2024, 02:39:05	3	8	9	30	27
05/10/2024, 02:39:05	3	8	9	31	27
05/10/2024, 02:39:05	4	8	9	31	28
05/10/2024, 02:39:05	4	8	9	31	29
05/10/2024, 02:39:05	4	8	9	31	30
05/10/2024, 02:39:06	4	8	9	31	31
05/10/2024, 02:47:50	4	8	9	31	32
05/10/2024, 02:47:50	3	8	9	32	32
05/10/2024, 02:47:50	3	8	9	33	32
05/10/2024, 02:47:50	3	8	9	34	32
05/10/2024, 02:47:51	2	8	10	34	32
05/10/2024, 02:47:51	2	8	11	34	32
05/10/2024, 02:47:51	1	9	11	34	32
05/10/2024, 03:11:11	4	9	11	34	33
05/10/2024, 03:11:12	4	9	11	34	34
05/10/2024, 03:11:12	4	9	11	34	35
05/10/2024, 03:11:12	4	9	11	34	36
05/10/2024, 03:20:37	3	9	11	35	36
05/10/2024, 03:20:37	3	9	11	36	36
05/10/2024, 03:20:37	3	9	11	37	36
05/10/2024, 03:20:37	3	9	11	38	36
05/10/2024, 03:20:37	3	9	11	39	36
05/10/2024, 03:30:00	1	10	11	39	36
05/10/2024, 03:30:00	1	11	11	39	36
05/10/2024, 03:30:00	1	12	11	39	36
05/10/2024, 03:30:01	2	12	12	39	36
05/10/2024, 03:30:01	2	12	13	39	36
05/10/2024, 03:30:01	2	12	14	39	36
05/10/2024, 03:30:01	2	12	15	39	36
05/10/2024, 03:30:01	3	12	15	40	36
05/10/2024, 03:30:02	3	12	15	41	36
05/10/2024, 03:30:02	3	12	15	42	36
05/10/2024, 03:31:02	1	13	15	42	36
05/10/2024, 03:31:02	1	14	15	42	36
05/10/2024, 03:31:03	2	14	16	42	36
05/10/2024, 03:31:03	3	14	16	43	36
05/10/2024, 04:05:51	1	15	16	43	36
05/10/2024, 04:05:51	1	16	16	43	36
05/10/2024, 04:05:51	1	17	16	43	36
05/10/2024, 04:05:52	2	17	17	43	36
05/10/2024, 04:05:52	2	17	18	43	36
05/10/2024, 04:05:52	3	17	18	44	36
05/10/2024, 04:05:52	3	17	18	45	36
05/10/2024, 04:11:50	1	18	18	45	36
05/10/2024, 04:11:50	1	19	18	45	36
05/10/2024, 04:11:50	1	20	18	45	36
05/10/2024, 04:12:14	1	21	18	45	36
05/10/2024, 04:12:14	1	22	18	45	36
05/10/2024, 04:12:14	1	23	18	45	36
05/10/2024, 04:12:15	1	24	18	45	36
05/10/2024, 04:12:15	1	25	18	45	36
05/10/2024, 04:12:15	1	26	18	45	36
05/10/2024, 04:12:15	1	27	18	45	36
05/10/2024, 04:12:16	1	28	18	45	36
05/10/2024, 04:12:16	1	29	18	45	36
05/10/2024, 04:12:16	2	29	19	45	36
05/10/2024, 04:12:16	2	29	20	45	36
05/10/2024, 04:12:16	2	29	21	45	36
05/10/2024, 04:14:42	1	30	21	45	36
05/10/2024, 04:17:09	4	30	21	45	37
05/10/2024, 04:17:09	4	30	21	45	38
05/10/2024, 04:17:09	4	30	21	45	39
05/10/2024, 04:17:11	4	30	21	45	40
05/10/2024, 04:17:12	4	30	21	45	41
05/10/2024, 04:17:12	4	30	21	45	42
05/10/2024, 04:17:12	4	30	21	45	43
05/10/2024, 04:17:12	4	30	21	45	44
05/10/2024, 04:17:12	4	30	21	45	45
05/10/2024, 04:17:12	4	30	21	45	46
05/10/2024, 04:17:12	4	30	21	45	47
05/10/2024, 04:17:13	4	30	21	45	48
05/10/2024, 04:17:13	4	30	21	45	49
05/10/2024, 04:17:13	3	30	21	46	49
05/10/2024, 04:17:14	2	30	22	46	49
05/10/2024, 04:17:14	1	31	22	46	49
05/10/2024, 04:18:06	4	31	22	46	50
05/10/2024, 04:18:06	4	31	22	46	51
05/10/2024, 04:18:06	4	31	22	46	52
05/10/2024, 04:18:06	4	31	22	46	53
05/10/2024, 04:18:06	4	31	22	46	54
05/10/2024, 04:18:14	4	31	22	46	55
05/10/2024, 04:18:15	4	31	22	46	56
05/10/2024, 04:18:15	4	31	22	46	57
05/10/2024, 04:18:15	4	31	22	46	58
05/10/2024, 04:18:16	4	31	22	46	59
05/10/2024, 04:18:16	3	31	22	47	59
05/10/2024, 04:18:17	3	31	22	48	59
05/10/2024, 04:18:17	3	31	22	49	59
05/10/2024 04:31:15	2	31	23	49	59
05/10/2024 04:31:15	2	31	24	49	59
05/10/2024 04:31:15	2	31	25	49	59
05/10/2024 04:31:15	2	31	26	49	59
05/10/2024 04:31:16	2	31	27	49	59
05/10/2024 04:31:16	1	32	27	49	59
05/10/2024 04:31:16	1	33	27	49	59
05/10/2024 04:31:16	1	34	27	49	59
05/10/2024 04:37:55	2	34	28	49	59
05/10/2024 04:37:56	2	34	29	49	59
05/10/2024 04:37:56	2	34	30	49	59
05/10/2024 04:37:56	2	34	31	49	59
05/10/2024 04:37:56	1	35	31	49	59
05/10/2024 04:37:56	1	36	31	49	59
05/10/2024 04:37:56	1	37	31	49	59
05/10/2024 04:37:57	1	38	31	49	59
05/10/2024 04:37:57	1	39	31	49	59
05/10/2024 04:37:57	1	40	31	49	59
05/10/2024 04:38:14	1	41	31	49	59
05/10/2024 04:38:14	1	42	31	49	59
05/10/2024 04:38:14	1	43	31	49	59
05/10/2024 04:38:15	1	44	31	49	59
05/10/2024 04:38:15	3	44	31	50	59
05/10/2024 04:38:15	3	44	31	51	59
05/10/2024 04:38:15	3	44	31	52	59
05/10/2024 04:38:16	4	44	31	52	60
05/10/2024 04:38:16	4	44	31	52	61
05/10/2024 04:38:16	4	44	31	52	62
05/10/2024 04:38:16	4	44	31	52	63
05/10/2024 04:44:01	1	45	31	52	63
05/10/2024 04:48:50	1	46	31	52	63
05/10/2024 04:48:51	2	46	32	52	63
05/10/2024 04:48:51	2	46	33	52	63
05/10/2024 04:48:51	2	46	34	52	63
05/10/2024 04:48:51	2	46	35	52	63
05/10/2024 04:48:51	2	46	36	52	63
05/10/2024 04:48:52	3	46	36	53	63
05/10/2024 04:48:52	3	46	36	54	63
05/10/2024 04:48:52	3	46	36	55	63
05/10/2024 04:48:52	3	46	36	56	63
05/10/2024 04:48:52	3	46	36	57	63
05/10/2024 04:48:53	4	46	36	57	64
05/10/2024 04:48:53	4	46	36	57	65
05/10/2024 04:48:53	4	46	36	57	66
05/10/2024 04:48:53	4	46	36	57	67
05/10/2024 04:48:54	1	47	36	57	67
05/10/2024 04:48:54	1	48	36	57	67
05/10/2024 04:48:54	1	49	36	57	67
05/10/2024 04:48:54	2	49	37	57	67
05/10/2024 04:48:54	2	49	38	57	67
05/10/2024 04:48:55	3	49	38	58	67
05/10/2024 04:48:55	3	49	38	59	67
05/10/2024 04:48:55	4	49	38	59	68
05/10/2024 04:48:55	4	49	38	59	69
05/10/2024 04:49:17	1	50	38	59	69
05/10/2024 04:49:17	1	51	38	59	69
05/10/2024 04:49:17	1	52	38	59	69
05/10/2024 04:49:17	1	53	38	59	69
05/10/2024 04:49:18	2	53	39	59	69
05/10/2024 04:49:18	2	53	40	59	69
05/10/2024 04:49:18	2	53	41	59	69
05/10/2024 04:49:18	2	53	42	59	69
05/10/2024 04:49:18	3	53	42	60	69
05/10/2024 04:49:19	3	53	42	61	69
05/10/2024 04:49:19	3	53	42	62	69
05/10/2024 04:49:19	3	53	42	63	69
05/10/2024 04:49:19	4	53	42	63	70
05/10/2024 04:49:19	4	53	42	63	71
05/10/2024 04:49:20	4	53	42	63	72
05/10/2024 04:49:20	4	53	42	63	73
05/10/2024 04:49:20	4	53	42	63	74
05/10/2024 04:49:20	4	53	42	63	75
05/10/2024 04:49:20	4	53	42	63	76
05/10/2024 04:49:20	4	53	42	63	77
05/10/2024 04:49:21	4	53	42	63	78
05/10/2024 04:49:39	1	54	42	63	78
05/10/2024 04:49:39	1	55	42	63	78
05/10/2024 04:49:40	1	56	42	63	78
05/10/2024 04:49:41	1	57	42	63	78
05/10/2024 04:49:42	2	57	43	63	78
05/10/2024 04:49:42	2	57	44	63	78
05/10/2024 04:49:42	2	57	45	63	78
05/10/2024 04:49:42	2	57	46	63	78
05/10/2024 04:49:42	2	57	47	63	78
05/10/2024 04:49:43	3	57	47	64	78
05/10/2024 04:49:43	3	57	47	65	78
05/10/2024 04:49:43	3	57	47	66	78
05/10/2024 04:49:43	3	57	47	67	78
05/10/2024 05:08:25	2	57	48	67	78
05/10/2024 05:08:26	2	57	49	67	78
05/10/2024 05:08:26	2	57	50	67	78
05/10/2024 05:08:26	2	57	51	67	78
05/10/2024 05:08:26	2	57	52	67	78
05/10/2024 05:08:26	2	57	53	67	78
05/10/2024 05:08:26	2	57	54	67	78
05/10/2024 05:08:26	2	57	55	67	78
05/10/2024 05:08:27	2	57	56	67	78
05/10/2024 05:08:27	2	57	57	67	78
05/10/2024 05:08:27	2	57	58	67	78
05/10/2024 05:08:27	2	57	59	67	78
05/10/2024 05:08:27	2	57	60	67	78
05/10/2024 05:08:27	2	57	61	67	78
05/10/2024 05:08:27	2	57	62	67	78
05/10/2024 05:08:28	2	57	63	67	78
05/10/2024 05:12:02	4	57	63	67	79
05/10/2024 05:12:02	4	57	63	67	80
05/10/2024 05:12:03	3	57	63	68	80
05/10/2024 05:56:27	4	57	63	68	81
05/10/2024 05:56:27	4	57	63	68	82
05/10/2024 05:56:27	4	57	63	68	83
05/10/2024 06:07:09	4	57	63	68	84
05/10/2024 06:07:09	4	57	63	68	85
05/10/2024 06:07:10	4	57	63	68	86
05/10/2024 06:07:10	4	57	63	68	87
05/10/2024 06:07:10	4	57	63	68	88
05/10/2024 06:07:10	4	57	63	68	89
05/10/2024 06:07:10	4	57	63	68	90
05/10/2024 06:07:11	3	57	63	69	90
05/10/2024 06:07:11	3	57	63	70	90
05/10/2024 06:07:11	3	57	63	71	90
